00000000000000000000001000101001111101
00000000000000000001110001001111101001
00000000000000000010010001101011000111
11111111111111111110111011111011011100
11111111111111111000111110001011100111
11111111111111110110001011010011100110
11111111111111111011000001010010000010
00000000000000000011111111101011110111
00000000000000000111011100100001001001
00000000000000000000000110110000000000
11111111111111110100110001111100010111
11111111111111110010100001100111101010
11111111111111111101110010100011111001
00000000000000001011010101010000110111
00000000000000001011001011101110110101
11111111111111111011010001111011000110
11111111111111101100001101111010010001
11111111111111110000010010100000110110
00000000000000000101111010010111111110
00000000000000010110010110100101000000
00000000000000001101001000110101000110
11111111111111110000100001010110011011
11111111111111011110101100101010001110
11111111111111101110111001110101111001
00000000000000010101010001100001101010
00000000000000101001101000001010000010
00000000000000001111010001101010001101
11111111111111010111110111010001100100
11111111111110111011000000100110100001
11111111111111100100111000110100111001
00000000000001001000100100101001010011
00000000000010100011111100001011010101
00000000000010110110001011011011001000
00000000000001111000010000111100001000
00000000000000100010100111110101001100
11111111111111111010010001110110111000
00000000000000010101010010101000001111
00000000000001001101100001001100011000
00000000000001101010100000000101100001
00000000000001010110101010100000110011
00000000000000101101000001000100001010
00000000000000010111011111111001101101
00000000000000100100101010011101111110
00000000000000111110110101000110000111
00000000000001001000001001001011100001
00000000000000111001101010110111010010
00000000000000100110000000000100000011
00000000000000100001101011001100110111
00000000000000101101111111000000100110
00000000000000111011010101011111111010
00000000000000111100100001011011101110
00000000000000110011111110110100010100
00000000000000101110011110100100010010
00000000000000110011111001111111000011
00000000000000111111100100011111010011
00000000000001000110011110010000110111
00000000000001000010110110010000110011
00000000000000111000111001001000101101
00000000000000110001100010001011110011
00000000000000110001111010011001000110
00000000000000110111110100001111100010
00000000000000111101000101101111001101
00000000000000111101100101010101010111
00000000000000111010001011000101000010
00000000000000110111000001100111101000
00000000000000110101111101111101010001
00000000000000110111110100000011100101
00000000000000111010011101001001101111
00000000000000111100010011110011110111
00000000000000111110100000010110110111
00000000000001000010101111101001101001
00000000000001001000000111110001011110
00000000000001001011100011100110001000
00000000000001001011100001000011001110
00000000000001001010000110110010101000
00000000000001001010100001101100100111
00000000000001001101001100100010111001
00000000000001001111100101111000111110
00000000000001001111100101000100010000
00000000000001001101100010101101101001
00000000000001001010110110101000100011
00000000000001000111011010101000110111
00000000000001000010000011101000101011
00000000000000111011000011111100101000
00000000000000110100101110000010110010
00000000000000110000101111001000010000
00000000000000101110001000010011011000
00000000000000101010101001110110011101
00000000000000100101110111010110011001
00000000000000100001100011111010100011
00000000000000011111000100100100111111
00000000000000011101100001010101100100
00000000000000011011101011110001001011
00000000000000011010100011111000000001
00000000000000011100100001111000101100
00000000000000100001101110111100110101
00000000000000100110101011010101100100
00000000000000100111100100000110001000
00000000000000100100011100001000011100
00000000000000100000111001111101000100
00000000000000011111110101000110011110
00000000000000100000011011011000101110
00000000000000100000000000001010010111
00000000000000011101011011100111100100
00000000000000011001101010011100101111
00000000000000010101010101111110100001
00000000000000001111101011110111011110
00000000000000001000001111000001101011
00000000000000000000100110000111001001
11111111111111111011000010011100100000
11111111111111110111100010011111111010
11111111111111110011100110001011011011
11111111111111101101011100111110101010
11111111111111100110011010110001110000
11111111111111100001001010100001111111
11111111111111011110010100110011110110
11111111111111011100000010000011110101
11111111111111011000110110001000010000
11111111111111010101101101110110001000
11111111111111010100001100111000101100
11111111111111010011101111110010111100
11111111111111010010001110010011011011
11111111111111001111001110110111110001
11111111111111001101011101011011110110
11111111111111001111101111110100010101
11111111111111010101100100111111100011
11111111111111011011101000100001111101
11111111111111011111100101000010111001
11111111111111100010000100110110011000
11111111111111100100100111101001000100
11111111111111100110101011111000101100
11111111111111100110011001101010110010
11111111111111100011100100110011111011
11111111111111100000100000100111001000
11111111111111011111001110000000100101
11111111111111011110110110101101110000
11111111111111011101000110101100001011
11111111111111011001101110000111000001
11111111111111010111001111000011110101
11111111111111010111111001100001010101
11111111111111011010111011111100111001
11111111111111011101100110011001111100
11111111111111011110010111111011101101
11111111111111011101111100010101001101
11111111111111011101001001010000011110
11111111111111011011100101001001011101
11111111111111011000111100000001100010
11111111111111010110100011000110110001
11111111111111010110001011010011010000
11111111111111010111001101001111011101
11111111111111010110100101010001000101
11111111111111010010100000100001011110
11111111111111001101010011011110010110
11111111111111001011011001000011111011
11111111111111001110100100011111110011
11111111111111010100010011101100111111
11111111111111011001000110111110010001
11111111111111011100011100001101101111
11111111111111100000001111100111111110
11111111111111100101010110110000000001
11111111111111101001111111111011000011
